0 200 200
0 201 200
0 201 201
0 201 202
0 201 203
0 201 204
0 201 205
0 201 206
0 201 207
0 201 208
0 201 209
0 201 210
0 201 211
0 201 212
0 201 213
0 201 214
0 201 216
0 202 200
0 202 201
0 202 202
0 202 203
0 202 204
0 202 205
0 202 206
0 202 207
0 202 208
0 202 209
0 202 210
0 202 211
0 202 212
0 202 213
0 202 214
0 202 215
0 202 216
0 203 200
0 203 201
0 203 202
0 203 203
0 203 204
0 203 205
0 203 206
0 203 207
0 203 208
0 203 209
0 203 210
0 203 211
0 203 212
0 203 213
0 203 214
0 203 216
0 204 200
0 204 201
0 204 202
0 204 203
0 204 204
0 204 205
0 204 206
0 204 207
0 204 208
0 204 209
0 204 210
0 204 211
0 204 212
0 204 213
0 204 214
0 204 216
0 205 200
0 205 201
0 205 202
0 205 203
0 205 204
0 205 205
0 205 206
0 205 207
0 205 208
0 205 209
0 205 210
0 205 211
0 205 212
0 205 213
0 205 214
0 205 216
0 206 200
0 206 201
0 206 202
0 206 203
0 206 204
0 206 205
0 206 206
0 206 207
0 206 208
0 206 209
0 206 210
0 206 211
0 206 212
0 206 213
0 206 214
0 206 216
0 207 200
0 207 201
0 207 202
0 207 203
0 207 204
0 207 205
0 207 206
0 207 207
0 207 208
0 207 209
0 207 210
0 207 211
0 207 212
0 207 213
0 207 214
0 207 216
0 208 200
0 208 201
0 208 202
0 208 203
0 208 204
0 208 205
0 208 206
0 208 207
0 208 208
0 208 209
0 208 210
0 208 211
0 208 212
0 208 213
0 208 214
0 208 216
0 209 200
0 209 201
0 209 202
0 209 203
0 209 204
0 209 205
0 209 206
0 209 207
0 209 208
0 209 209
0 209 210
0 209 211
0 209 212
0 209 213
0 209 214
0 209 216
0 210 200
0 210 201
0 210 202
0 210 203
0 210 204
0 210 205
0 210 206
0 210 207
0 210 208
0 210 209
0 210 210
0 210 211
0 210 212
0 210 213
0 210 214
0 210 216
0 211 200
0 211 201
0 211 202
0 211 203
0 211 204
0 211 205
0 211 206
0 211 207
0 211 208
0 211 209
0 211 210
0 211 211
0 211 212
0 211 213
0 211 214
0 211 216
0 212 200
0 212 201
0 212 202
0 212 203
0 212 204
0 212 205
0 212 206
0 212 207
0 212 208
0 212 209
0 212 210
0 212 211
0 212 212
0 212 213
0 212 214
0 212 216
0 213 200
0 213 201
0 213 202
0 213 203
0 213 204
0 213 205
0 213 206
0 213 207
0 213 208
0 213 209
0 213 210
0 213 211
0 213 212
0 213 213
0 213 214
0 213 216
0 214 200
0 214 201
0 214 202
0 214 203
0 214 204
0 214 205
0 214 206
0 214 207
0 214 208
0 214 209
0 214 210
0 214 211
0 214 212
0 214 213
0 214 214
0 214 216
0 215 200
0 215 201
0 215 202
0 215 203
0 215 204
0 215 205
0 215 206
0 215 207
0 215 208
0 215 209
0 215 210
0 215 211
0 215 212
0 215 213
0 215 214
0 215 216
0 216 200
0 216 201
0 216 202
0 216 203
0 216 204
0 216 205
0 216 206
0 216 207
0 216 208
0 216 209
0 216 210
0 216 211
0 216 212
0 216 213
0 216 214
0 216 216